$ANSIBLE_VAULT;1.1;AES256
64303766376135353161653936346161303536653433633564626164623066326537333630383165
6635336539633339356237633237633465636166623637320a313063333830653830343032393562
65393632343763393937383966343962346263616264656438386237333131386432326535356135
6563343237636335350a646361663338303537373831346236636532653563383032366165633139
66316462353761303532306230666362333964373837646164393131393962646239633133383161
37383836373139353432306564656662623532656438393435326331656135393465616566343261
31353464613632336462633130633561616563613763336230656536626363636162616662356332
30633735356133343733613865616336393236633136626361323832363838623065356564343936
33643738376365646161633761626262613765316464313935356234303865303038316361643431
66396636346161663838366239646431386534353435363937636232306565633961653535363038
35376132383138373536343664666136363063633833353161313965376335373764623732333935
65343430393439383362376430313165663435613137643661653361353862646338353363313563
62333335376233643332613030303832633536636137663365386531623461643136623762653566
64646530336138643430333032623331386236303266613465336132373764323434366166326236
37626339666335313734396663323266383964383338326137656361643937316161646633373532
34356464336165343934353264333663363635656635306562333433373562393763363233663263
66303232366531616337613961313235643635373035666632356632323139363862646133316531
64356134343737663266663839623836343964363439316632303031623563366232373464373936
30653936666538383763343534316331363536643064316532666363343862393439393835643964
65663937666363383235373338323262346165383434663438303631626337373439666636396130
64336333623135373233393735313934613264363065646431376432353232633336623132663939
35383737306331363762363366666333366263373966613438313635663736346665636334336439
64643539336630623633643231363363373331316331333463323766396432616564653931323033
63393266636534346531363431636565393439363734376538643037383039333433363837366339
34383938396439306534663439386662643865366337346163323731653339623236343165663664
62356564633764636262653237373333646338363636623964616564343662366631383936623736
35613337343432616432393433633732316332343331613261393861633766336131356361663938
36633163343365633863366164616362356432643234646130303837616266653166643134373433
64333139373536623230383863303862373630633165326264643662353833336366643933363364
39323463326463656666663730363631636235343862393538353230386436373632633334396636
33336165356165646562643861343337396233656239636639636666663535383033666530313765
61663233366666393836383230383861653464323562633738393836353835623930303739346130
37656233306661333962366264396635633336303130333930313536653235643030343039383734
31353533353532373137653139393332396438623764623435373262363762376538653131363962
33306633373863343564383063316563623330626666666231396530633637353832376435303662
31643738623238643665393931323732386630366630653863323163336339346538653934393766
36633865373036306137653039333632353730336364633738303030656562353465323433613235
38663566653530366331646563636461306537353836646631633363356539356332333165383962
61316364383731616562346634663265656438393937613161613235623530646337646232333131
37646335353234386665343438323932663861356461613938663261623630623165313832626131
66333362393462336137376634373162646465323935633939343031353733333832383235396537
39376638383030623465313135363363383463386538663832653632623133353730663734616334
64373538373362623236303931333364353139326136366666336266383332616538623030613235
31393465356462343433303536326638653562356534656164353033393438643732653838613764
63623739633264383239613866333430613533393766626261376532613535396339353662313735
62633733333739636230353435643862373639303364376437323638396433383632323839383462
64646163356136653763376265366238323662353037633539306232633533343662653437613237
64636637626663396364643733613632343836356435323432386362373430656266633561343231
34643538383663646665646561633737393833633465396134366438636231306433396433383061
39663562313734323533306636613462653736336631313632356531653638633564333534336161
65633833323938396639623862396134306362346235366562303361636431383536643036633364
66353530636161306362333732646264353634366565306336386163623635396632663035666365
37336131386533633936623563366136333864346238343632653133323435346236616434393635
39643539343264326130333735633965313530643131623964643738323266633632323932353761
39383261306334376136303565343564333734373536383666346366356266313039353333343166
63346361633032343361323030653461396536356166396534303937386365346638356531643666
32326265396534376533653037333236333733633031373435353338623864336336636131393037
38336437623438326464393133393830613936613631373934373864636437363336636634353465
64393537633764363336663336663364613030643765393565393536396164316362393335616434
62623761653937393764616333356264363061633134663931343963313964396537343631393063
62363964376266386634623432383831393463643437326235633262313736646261623834356466
32663233303137633266356266656663353639343762643964353638613064393633373931633435
34346163336666353463353161613632623966336139386664656239663364316132646431623031
35303430306434316464653638656136626437366236653630376561363230343463653964643762
38663936373063356237613366633033623165333932363764383730333330333130303638326265
61313830383461393234346466343932353262643961363266346239346530373437376238356535
62646634623031653438646164656232323266383632373366373138636530366331333038646534
64333237363361646431333537616637663933666566343534313231346432376238663363306362
37626365396230383835613161333232383964376633326435313539633965623766313165626365
65326634393738633837343833313337663836656231373631643233346333666638376362663736
35303166646265646138616366613838306533363136646165366634653232666532633736383565
37656631613932303261396533353562663366366638393361336337333532356464666531376439
37633033633035646137306230363431393230363631366538386139633733313031633064646665
32636663613737633661626530326333663534373161623434356233653534623531323737336237
37393730323863616564343563326362613662396536393237386632366631383865623733666534
64666432633162386334666636323133336635653463373538646538346264343963313832323331
63306235633662333261613230663235666666666462653830333836356266353133666131636465
64306131386232343266663030376535353566333734306230613731666635353738393033663363
63623332373164323164346437343132363539303335643364613930373866363961396666386634
37363666316461656639313931393166663830613031363836393264353463376161333832646133
65623637333866643265326533663966346636393162623364646236383139396536383136666636
61613139343064613865666363346637626236663164653164663930656439393137353730663734
34663634613232626337623935313139363633376363616537616535353535653165383732313538
64643536363532666539666238343335363763633764613333333663643937373463383931356565
65663337666233306261623733613161626630613338383935623336626330653965643133333539
35316237343135353030363330346564663761323835636166363065383464313765633634303637
66633864373834623433363532346530613032616232613731613931363736396434333835303437
37616566353233313661356231363934633662326430616637356333653936323635373430303062
65643961613839346130333433333637616435343432343339326162333431336561396336393835
33396430353339326437303138643965303231363965323861653561623439303338646331333135
66633365333738373531613466613339316535363363383531386634653063393238386130656237
65306435316432646563383638373766333530393833383339663665613337613836663537636638
34393465666331363636653634316231636162663163613538613137306637346233343338633139
30376662303733336330613834373731643832383861386231373537633935316438616537376234
32636161643930376239653032643738366337656433373130313662636136643464383131353166
62396632343566353531393566313562373133666330653139393531363265336433653261623938
37636337643331383162303831643339326262363139323437356136646230343761373466356433
30353838353334626364336638306336613062613533336535316565303238363238343232396666
39383934326338353464623933343534313965326263663931333634623636396635643831303736
66323665333830653666623863336662346664653662666530646234666461386235313031383036
62633164316364383236383738306165613761383866613736633362626339313266653233393164
34613733613632383661323039306565616536333562386264613737336639316462383330323764
62626332373161633964653431363164643365316133666530363662636532393864313233393465
38626237343239666462323963626536323031383736633430626464316261366532656338633038
38383839383466653462323432343030366366613665626164633364643964373430616135663130
31366630343137396163356632386464373130353166313563303265333330646132643861646563
65626530626338396666646236336535653835346436373862396330643565393263373135306165
30353166396138333735353863613734613236303566623063363263633337386234633739363438
38333034363230393133663032663233323962343865316265373265643532636432653365656338
39643130313935613064383833316530616662373235623938323966313530363761663135303432
66346130376638313864626232303730656462656665623931313333656561613265613162333164
61363136333535616237663631626537333266333534616235626161383761383831626632613534
38666264316132356363393133373430626433323862323339326231323663313636633763663732
34633035633262663430653038366662366566356532666234326131373165643235336534626238
39353666346632376431323334303965613837353235386637623932633365623065343135363362
66393666636632316237356238333938396236613933313839336232643233343034373232313166
34616431343737313134666332643437623037336633326162623537336632666266363362383963
39353731306134343132633634366433633666393537663139373234646164336233303735323231
38303039313764333734353662306466363636343366313633616263383835646539633365663534
66363863313931666433616332383730316434633763623765313835613236623830663166353632
34613162353039303962353665643730363464343461396231613433393830393465353234363339
39343363363036313861373737383937373334336464383863643038656432643333633037373531
64346532336134393166363432663464663161633834376430636134333632613335303734373163
62366365323964333764323930663163616139666538376131336565356537653762346238343738
61303262343563303734323032613165656433623238313966326364383439366335326232626662
62633038643363623737663038653332663135356131353132363833333765613336643632333833
65346135396532353236313564353439316564363261356564633432356134373635303564383031
32393464663064326635336561363663373561666332393863316431666162646662303634626630
38326561366139313161613664363163363964386664616362303866323931316265636435316339
63376336613266323837303362363232393537373034386566633837643636383836663735323631
66306438656339396463396531666164613464336162383636373766643431613338643337643338
66356164636632313931323362656262306135306238666132326666353335393639646532343764
61386136393539653135386635626336396362623338613963376364343434653166663636383339
62306531386632626337633639343436626635343363613237346431666433316666613338396630
64373531373932333433666263653535353939396331363537393938376162336136303963366139
34306136613232366535356637636539383336393563323839323831386363613636333165643163
32353963313063633032343862346532636432623934343636363337353765616661373031666431
36613930356530316131363934363033356363636566316263303537376538323933613663356166
65626631373439393836336537616134336430643763666361326466326233633435316366393035
39306665656435316630346265623464656235626266623838303863343739653838383639303864
34643330383132356163306335663232303161313034363234356231383434373732303863333830
39336532623135613931383066636134316565386334386661383261666438623565386263656463
39303034313434646234346463326166343633303337376161646339353432323432646631323830
33313133666366373335376664653030613835353130353364373836393265663431633836623437
39626634333233646263633937363366353635396135646534623730303631653736383735386565
36643233626331613366363232313133313937313934393632323863613838333435643737386632
66323334336634636462646364313265636237373036653766633663653231633663346664386165
65363730393434396433366465313138303564396166386534633330356165353262626137326335
30333836323862643363303733616235653063376365353063643033653734306362346231343635
62306165323866343730613432663838333638636235343130393932323661343539353831626636
37383161353433333730643536626535396536363138393364323836373238666462663736653862
34366165336432333036333666656164383861633436366138353564373437663566656338336636
35633263343430373539626262653931396663346461643230333334363561353835623237336536
31663536303139346435313038386536666663376239323564386562346139376136396361353036
39653238656437383365343739363361626536363766666364303636353163363938636133346130
64386563313538656666653932326233643436383538356666653762316336623861376133646331
32386561613063363632396162366631656132643932346633666230646663323566393330326465
63343863633832646233323365376638643439653663383762386463376631336565356433373061
36323131616262636664346637303836636133613534383162323161616565633565343939656131
61626464336662663237323036666136313634353163613737363338646362633466336233343165
37613838643738646231353832303932366265653861363437383139373364376365316564393764
38653663633238653032346664373036343966383162653438373039376537663964636138613364
65353466316635363662353536353735613436306633316530303337343566336462666165363666
31613862653264313465623033306663633361353835623130663435643066383934343038363061
38336331633030613561626539303037623330326664313661333337363137306336356633663332
61643832373734356564313666643965356464623230646535666264646161646439666366343331
34326236656439383939373437326636646336633731326139333364306539316430623862373634
31313563646535316439396230383230346339386534376633646630383936376366646566316133
39343933623432343230376162383033353731366161353836316234636338633137636330626436
35333761656637646239376561643133306365323865656462316165653665633162373534346438
39383230643231356630613031333266363665633866616637333530373664663163623231613638
62336561373939363362633537383538323764346161356337393035333031616339376335326631
62666136373739373566373336616361656665626534663833646664373332396638643838393266
6331343236306166363630623033383961333134326366346364
